5601
4668
9124
4354
8137
4574
601
6507
7037
7071
2962
1400
8049
3745
7592
6404
3328
52
5664
4021
4336
65
724
343
4348
8358
4736
9858
8683
1004
3674
5977
159
7264
1786
1267
5233
2514
3985
320
4362
2770
9215
818
3524
9377
8323
1489
5120
8953
8661
4991
798
3060
3071
1751
7040
8939
6823
8064
2133
5668
9208
5515
6207
7750
750
1581
275
522
3580
1498
4354
860
8585
3815
1905
9662
1041
77
1162
4877
8095
6454
404
1499
7756
4653
5730
5030
8234
6433
2255
2621
2106
8961
5529
3872
3006
6498
396
3326
1024
539
4837
6604
8849
7712
3247
2029
6955
7579
3096
7905
9450
1179
4992
9593
5156
6310
9334
1088
7612
2517
692
4267
586
7830
4903
9225
8991
3873
9012
5632
626
9091
6153
8983
3993
2040
8943
8752
1244
6450
6432
267
2831
4809
3501
6517
8784
9154
9663
299
3478
1513
6868
8590
8294
7113
5279
4386
4822
921
6935
6074
3850
9776
7788
6346
974
536
1793
3073
4630
4535
1226
1345
6701
4133
1389
3325
6652
5636
6046
577
1770
2351
1486
7939
2512
9807
2452
5879
8931
911
7717
8911
747
1206
2626
9216
4557
2756
1481
7246
9397
3989
336
2683
1778
4836
2821
5692
194
9886
8138
455
3674
2398
5385
3459
5858
7432
7047
612
4612
7078
7807
204
7366
5769
980
5088
6653
8396
5706
9117
7525
2320
7790
6887
2
5240
9729
4813
7614
7807
1744
4466
6874
5606
2006
245
8448
2219
6087
105
9944
9344
7555
2798
1092
4182
8770
8523
6062
5235
9103
4287
4729
2142
5505
9563
3233
7288
3303
7311
3138
5195
3862
9824
4167
7242
7457
4783
8375
8754
3806
4918
7734
1703
3122
2996
2621
6600
9399
5234
3125
120
8256
7765
4916
6659
8331
4500
4611
8877
1184
9668
8437
8766
7897
5610
8171
4881
5941
5409
6166
2685
3055
7446
6468
1013
3066
8052
8179
825
2843
8138
8143
979
1433
8140
7950
4758
6194
5376
9239
7205
6441
6474
7883
578
2629
162
5494
8914
2919
6698
877
3258
8175
5386
9230
6332
7574
170
2178
1766
3515
5273
2422
7218
7684
3890
6390
8517
7765
6266
783
6935
7963
9131
8908
6306
280
2388
1195
3463
3874
2255
5657
8015
8295
586
1965
4342
7340
1882
2878
3481
8146
9604
6635
8322
2968
4906
7100
8963
9670
5364
989
5908
5951
5943
3578
1330
9064
1769
6963
7505
1345
2349
5197
665
5015
9210
3999
7848
4353
7475
5983
5412
6191
936
4843
8931
6618
5193
2325
3033
3861
1938
7922
354
7287
5823
2127
807
7055
2698
2107
7264
9718
1260
190
9200
5586
7721
998
6136
4276
5984
7366
2931
2947
4841
4386
2829
6727
9077
8509
4021
7271
8762
3409
7518
7984
7318
6060
314
4822
8437
581
253
7749
9758
3619
7862
3363
5458
8194
4382
184
8872
6439
6009
3216
5483
5291
7513
155
693
212
5376
9345
5610
4240
5776
6149
5117
8130
5949
2809
2835
7079
966
3252
847
8278
5022
3990
9034
9211
5864
3443
4096
2349
8450
3088
9589
9355
2051
8717
2954
9537
3634
492
174
5928
4552
843
1698
7900
201
2544
1361
6008
8250
9802
7450
4156
3082
652
5942
225
2512
3757
6568
7223
290
1219
3355
1898
359
1605
9800
7507
7234
3137
5946
6624
188
5982
7720
6889
1434
9972
3485
6574
5372
3077
790
7898
3781
1683
5134
7703
7245
6880
9299
2727
7527
6194
8355
4504
7347
8380
3928
4637
4820
4428
3365
6820
4522
6760
2255
3104
3594
550
5683
9623
6677
6355
6136
4726
7052
71
2677
2881
5629
4913
9068
9758
2439
6302
141
5627
7127
8277
5212
8865
6065
3691
3772
8253
7865
457
4548
6824
3022
658
1860
9588
2331
5796
2621
3755
5223
5914
8176
7358
7304
9711
2270
3830
3760
5024
1891
9177
7164
8432
5299
387
1100
8347
731
1325
9444
4006
9604
2849
8246
2951
2711
6124
3756
7384
6929
30
1361
312
4097
6117
856
2490
9678
7443
4425
6304
5961
876
1443
9480
8185
5807
8631
747
3609
1999
9640
7952
5748
1252
4508
1807
9928
1924
3166
2680
8246
8114
5188
6574
4212
4191
9336
104
4936
4352
3493
2329
6523
803
2046
4722
6616
1754
7133
3582
3789
3790
3173
5079
6341
795
5512
2144
314
694
4271
4484
2689
219
8952
6345
8785
1372
3397
7449
5220
6564
1489
5980
6092
153
9049
3963
4223
6697
8776
7033
785
6689
9436
9887
4888
7035
9887
4051
6397
3444
9694
263
594
5204
5869
1034
5914
8456
2018
9572
695
5034
2111
4799
5312
9868
9229
1226
517
1645
2063
2374
6370
7294
7630
3242
7953
2976
7497
9189
1706
8232
5270
5771
6533
7331
7117
3638
5688
6556
8241
1885
5809
9915
4569
8115
4604
6799
2179
1598
5833
4430
1642
9172
5470
6477
4492
3064
6912
3174
202
2066
746
2198
9820
2835
9241
9938
7670
9846
8666
4057
2202
9721
6446
6906
500
112
3939
8071
73
6231
1484
6080
5292
404
597
5362
3598
9134
6053
1621
4604
2080
263
1148
6307
3661
4726
5212
4797
4969
1286
7283
1146
3877
5808
40
1085
7087
1794
6035
4091
582
7153
3755
6687
1961
9410
2563
3682
6793
8020
5564
546
3690
128
312
5558
8101
2897
310
9820
4684
2893
6511
6970
1296
4590
160
7446
9971
1050
8561
4239
6411
709
7856
2686
4174
2182
7067
1455
4149
2652
471
160
2713
8030
4704
9195
6539
80
8919
7042
794
2140
4101
6381
8112
9823
8075
6969
9037
6277
5139
2336
9038
9441
2798
7519
1597
5862
2836
9082
8802
5111
5789
806
7467
48
6541
5095
1199
3898
5218
3447
3347
6888
7222
6133
6337
8880
2412
2543
6864
6142
4197
3289
8768
382
4739
2570
2029
8027
6676
5884
6956
5331
5681
6824
8739
3133
9090
5903
624
5087
4024
8640
5045
6814
5449
1211
4665
9036
7870
6782
2726
3754
5940
6368
3012
8993
4619
1576
8641
8900
76
4456
5163
8064
7996
502
1764
4734
8481
7384
3591
4564
150
2591
2958
2589
5020
6756
5235
7497
8159
7764
7483
294
8169
9477
9985
2864
7037
1041
5367
7019
5740
89
1955
6674
1522
8632
2940
2450
4425
5509
9968
3484
1914
7145
4042
7584
1552
3842
5579
5955
9124
1647
7048
3212
3574
9594
3831
1170
611
12
7706
302
1125
7790
565
7805
1995
7206
3087
6392
1974
814
6416
7522
9025
5838
4221
7175
1080
2449
3940
3176
6471
7925
7313
5085
5220
3082
9208
6174
1970
4020
833
6753
6159
4358
7334
2723
3937
12
6940
6024
7541
3551
7594
4398
234
4538
6709
273
4795
3075
9138
397
6226
1371
5385
3772
3190
3422
9835
2749
9415
202
1989
7394
1438
3187
5333
9786
142
9073
4947
2658
8979
3566
8810
8904
9208
3911
8062
5899
7159
404
6315
4387
3511
9739
8243
6081
3144
8176
2081
353
8589
9313
2773
7331
3634
8372
4314
9958
2557
7117
5168
2366
4702
5734
5072
1096
3949
5452
8091
3190
9523
5681
4523
8214
9816
1206
6038
6735
5258
4262
3169
6051
2140
6417
9667
4152
3430
4619
4066
948
4237
7447
882
9914
2967
6786
5095
3482
8542
3481
1129
5584
210
5154
6393
8977
7536
452
4693
467
64
3425
5215
7485
6928
1171
1248
8573
4166
79
9289
8077
6573
1062
9736
2729
6710
738
4298
9947
7552
3287
8961
2848
3875
3093
8071
7626
7222
2384
5276
2143
8565
3041
9609
7294
2976
9644
7524
9875
5019
3676
1870
4314
1690
9249
9248
2661
340
72
2573
1859
1220
6013
445
1251
6078
8520
287
6421
9509
1250
1381
4016
8846
8598
6394
7991
1266
4573
4330
1054
4787
8970
2124
9885
6596
3491
9627
9625
8469
244
4700
793
392
4339
6997
2519
5463
8721
6685
1650
6993
8654
6296
9477
6153
7160
3969
7141
833
1717
5380
9982
111
6147
4681
9439
8186
5256
5812
8313
6979
6485
996
466
5691
103
3459
3867
4942
5774
5232
2090
435
157
190
2809
3547
5281
3638
9384
5423
3467
6935
7000
8192
9940
4825
2580
4086
999
1508
9394
8990
3544
1404
9418
3766
2739
2474
3059
5319
1787
7411
5672
3429
8015
9905
9207
294
7337
3652
2382
6004
5672
7586
4468
6288
7730
4386
2148
1649
7911
1994
6227
567
2331
372
6810
5114
5519
644
3189
2569
5695
1848
5606
9940
9484
3085
7433
6265
8744
2874
8699
6717
3281
9814
3887
1738
7854
162
1770
7257
887
1270
5697
2716
2925
8574
4443
5881
4010
3483
9894
2107
9697
8996
1391
3160
3915
2344
1217
2733
5141
3440
6570
823
4964
835
8347
290
7218
530
6055
7163
6397
1377
6654
326
7340
8534
7956
7933
1655
8403
1993
8248
1315
1057
6517
1114
6192
4578
8581
960
5843
4601
1636
4841
5267
3738
3387
7392
8904
6144
120
1515
7430
9052
7759
633
7313
6649
8293
3046
1801
5596
5637
8947
3761
4663
3994
6389
2335
1016
7539
3253
6039
6918
5791
3767
6682
8808
6724
7980
6759
1304
2322
1862
2378
9976
39
409
5473
7572
3801
6446
4115
8665
1143
2904
7752
8459
3295
5656
5666
2010
340
9629
3306
4820
2796
8151
5145
1918
8810
2607
8863
9336
6538
462
3410
2467
4238
5424
6358
5049
6441
2249
4868
6380
6296
9065
5666
1271
5146
2921
9212
3260
6625
6560
6866
2443
5603
7499
4115
8954
2314
3103
2396
6665
3878
2578
5183
8792
4613
4539
7708
6101
2815
6342
5294
3155
8190
8279
8371
4186
5183
6640
9171
6784
7373
1624
2430
4490
2993
1332
3789
1129
5249
8561
5331
6328
5899
1262
5244
2794
5905
606
7428
3898
7867
7969
1138
5488
8075
143
2386
8360
2199
3921
687
9948
6881
3216
9690
7204
7065
8244
6122
935
374
8333
2766
8848
9193
1150
4284
7101
3109
160
8040
3341
1690
2856
5988
7965
2448
9296
7850
2220
1267
1392
7993
8543
6875
3840
5098
1826
7426
4306
2089
4783
5169
9110
5941
5609
9376
5142
9759
611
5439
1546
9808
7563
2191
6556
8136
4088
9922
7388
3901
3481
9104
9532
5233
1148
9841
8229
8316
797
2075
3794
5813
6562
9145
3358
2291
2017
7069
6562
9177
1491
5953
555
5757
6219
7837
3382
2202
3973
11
4485
6932
9464
3725
1428
3520
7818
7472
8779
1724
239
631
4553
2176
6711
4952
5283
4625
5535
8751
5303
8388
2789
9197
4905
9672
2434
6842
1538
1228
4026
7205
2847
2194
7273
9578
4185
6670
5425
4301
6745
2305
1710
5599
9227
2492
447
6386
8756
6128
5452
6544
8583
1576
5796
8558
6067
7992
7248
1239
5122
1694
1666
9628
1196
6793
3311
5579
2770
5883
6437
6244
7757
4700
833
5689
6160
6212
8437
5685
7037
6064
451
4766
2488
2851
4433
2263
3148
3921
4940
2667
5789
1585
7915
4908
1756
7181
3845
8820
8875
2256
6429
2923
4655
2684
8998
2055
9774
6597
8418
4663
1267
7946
6229
9860
5254
9025
9732
7818
7131
9443
7251
7334
6098
4884
1339
1609
6511
5724
3678
6603
6958
7896
1925
3203
3444
593
6951
5617
7220
8418
5705
6981
6425
4232
6087
880
7636
3351
7719
7024
3886
1192
1558
8661
746
9935
8711
7561
7299
4473
3243
7290
2506
218
1902
7672
7288
3497
375
2135
3738
4445
9846
4198
491
7451
5974
7457
4948
9640
1168
2659
1716
9785
5744
1487
61
1411
2733
1046
8101
7354
2110
1524
4714
5464
8378
5855
1142
589
7412
7347
2901
2583
9083
8041
9333
984
3193
68
6936
6728
4278
9428
7192
4034
8250
5085
4580
3800
9577
4951
9291
5371
7038
3699
8735
2027
1843
2382
1009
3421
515
8010
1898
7134
7022
1127
3771
2548
5542
7546
4608
2079
8560
8702
7045
6194
8311
3477
3766
9286
764
5974
3003
3669
6699
9450
727
3052
3681
9618
323
7596
5598
143
5308
5385
9802
3267
9585
7338
1338
5801
2902
8005
5476
9622
4580
888
2687
3136
5259
8440
9019
6734
9047
5836
3818
2080
3056
69
3871
6542
8829
6795
2380
4934
3035
2741
6417
6652
3570
2798
9646
9567
5069
7151
65
8791
1334
2533
657
3422
4342
831
231
2700
2486
8135
1318
8798
6104
4413
1235
7857
4610
8200
5431
7846
7491
7831
4669
6556
5782
3465
7620
3040
8167
2539
1480
8260
5616
2346
4941
7906
4649
6033
3239
8633
2343
2387
8136
7204
2038
5867
4329
7297
5340
2524
2718
678
336
263
384
7317
4690
1041
2530
6551
142
5361
9172
4721
6475
5886
530
4145
1536
3862
8663
1578
1739
9642
8025
9077
8508
5322
1951
7760
8549
8086
5196
6722
654
2307
9225
9622
4059
6750
9575
7863
4120
4039
8963
5647
7862
8326
5700
6701
439
2303
8813
8130
4860
104
1640
442
9276
5267
3595
1569
2984
9264
7649
4920
1960
9646
8135
8303
6249
3957
5152
7587
8104
5594
778
1836
2105
4834
2186
9957
9364
2621
8432
3707
1139
6477
2203
3024
3674
4676
3619
2996
9448
3712
2218
3438
7810
9369
9060
831
4173
814
9379
8614
9028
5010
7452
8325
530
4998
3390
2267
5142
45
4558
7570
4625
4969
9688
8491
4767
1329
5555
1676
7287
5351
2822
5560
2127
5405
5197
6392
1253
5806
762
2701
8574
6103
5104
8578
1639
4876
2205
5795
2215
2723
6636
7123
7682
939
87
6877
2568
6725
1237
1760
2083
6093
6091
8265
7746
5486
2473
4912
5072
7038
1993
9294
409
5341
3086
1343
5221
4748
9947
6381
9495
2887
9992
947
7533
618
3543
6221
8938
2517
7282
8746
7156
9693
3715
542
1850
4210
2868
2176
6464
1503
8127
662
2771
2133
3678
9245
7741
3696
3166
241
5383
1004
9086
2425
3229
2930
3977
5201
5789
3930
7101
9168
1010
4054
910
4857
1753
5548
7674
3896
1249
5697
9930
9018
3965
4917
2506
3498
3442
1883
6050
2861
1445
982
3386
3332
2191
4060
261
9626
1419
4469
2159
6544
5814
6241
5675
4687
1462
1974
7755
8814
8452
9232
7713
3356
3092
3038
9475
2858
7017
4923
2235
5318
7012
5141
780
1837
6414
8520
4055
8062
9143
1631
675
3598
1816
7793
3404
8082
1710
8094
572
9781
3729
5313
2801
400
3095
4373
6411
8686
9584
1630
1730
4374
2113
1171
4820
4088
5716
9712
4061
2615
1978
1620
7667
979
24
4271
5356
7551
8
5211
3914
9839
8579
2856
9846
3828
8920
9165
6123
995
360
3136
2236
5959
493
6474
1928
3904
9092
9408
8124
751
8312
2955
6086
8802
1181
599
8698
9875
4361
5992
5708
7380
60
182
4709
6254
678
989
7526
5728
4260
2144
7036
149
7507
6576
900
6514
1886
7759
3332
3788
2710
471
1522
8268
7917
1435
2839
9421
4629
9990
7895
2071
3185
5933
4263
4453
519
4073
673
2335
6712
5276
2131
9150
2036
5152
4871
9731
7241
1906